Q matrisi
0 204.8 0 0 131.072 0 0 0 0 0 0 0 0 0 0 0 
163.84 0 0 0 0 256 0 0 0 0 0 0 0 0 0 0 
0 0 0 204.8 0 0 320 0 0 0 0 0 0 0 0 0 
0 0 256 0 0 0 0 163.84 0 0 0 0 0 0 0 0 
163.84 0 0 0 0 0 0 0 0 0 0 0 0 0 0 0 
0 204.8 0 0 0 0 320 0 0 0 0 0 0 0 0 0 
0 0 256 0 0 256 0 0 0 0 400 0 0 0 0 0 
0 0 0 204.8 0 0 0 0 0 0 0 0 0 0 0 0 
0 0 0 0 0 0 0 0 0 320 0 0 204.8 0 0 0 
0 0 0 0 0 0 0 0 256 0 400 0 0 0 0 0 
0 0 0 0 0 0 320 0 0 320 0 320 0 0 500 0 
0 0 0 0 0 0 0 0 0 0 400 0 0 0 0 256 
0 0 0 0 0 0 0 0 256 0 0 0 0 163.84 0 0 
0 0 0 0 0 0 0 0 0 0 0 0 204.8 0 0 0 
0 0 0 0 0 0 0 0 0 0 0 0 0 0 0 0 
0 0 0 0 0 0 0 0 0 0 0 320 0 0 0 0 
